1728327368957
1728327369199
1728327369375
1728327369541
1728327369706
1728327369890
1728327370059
1728327370220
1728327370384
1728327370545
1728327370704
1728327370867
1728327371024
1728327371185
1728327371346
1728327371506
1728327371676
1728327371841
1728327372005
1728327372175
1728327372352
1728327372518
1728327372671
1728327372876
1728327373038
1728327373191
1728327373351
1728327373503
1728327373656
1728327373811
1728327373968
1728327374142
1728327374300
1728327374489
1728327374646
1728327374802
1728327374958
1728327375113
1728327375264
