1733573700872
1733573701194
1733573701425
1733573701687
1733573701932
1733573702146
1733573702359
1733573702568
1733573702768
1733573702946
1733573703126
1733573703306
1733573703486
1733573703674
1733573703861
1733573704047
1733573704230
1733573704425
1733573704614
1733573704799
1733573704997
1733573705209
1733573705406
1733573705600
1733573705815
1733573706050
1733573706258
1733573706447
1733573706631
1733573706838
1733573707077
1733573707272
1733573707460
1733573707667
1733573707904
1733573708108
1733573708301
1733573708488
1733573708690
